.ess_funname <-
"[c"
.Random.seed <-
c(403L, 21L, -703866859L, -819968862L, 597630254L, -10350967L, 
-1320942346L, -1566361519L, 611394815L, -1200675328L, -849575593L, 
-974324384L, 1977874204L, -416039929L, 1450838476L, -2049936485L, 
86366329L, -585925198L, -1624790183L, -1059270010L, 516071898L, 
1270193685L, 1159834642L, 1406741013L, -1621512373L, -267671700L, 
491589395L, -1645746148L, -1437302688L, -2002441509L, 1021843136L, 
-1673205113L, 1015079677L, -882737290L, 65132157L, -7091510L, 
-1457500954L, -1057902271L, 1320216366L, 698948137L, -241731545L, 
390236392L, -1115203793L, 1013888248L, -1803387692L, 511008399L, 
286881620L, 1785345075L, 316065137L, 1965569210L, -826570543L, 
2047199998L, 1034349506L, -444979683L, 1299030778L, -477289315L, 
1741661795L, -1278172892L, 2002455547L, 1716979553L, -792857451L, 
431979347L, -222817878L, -2080955520L, 441351706L, -1138694428L, 
-465130191L, 494630739L, 1155730111L, 995364629L, -783568456L, 
-271279014L, 529100300L, 2086019686L, 1808795399L, 373380541L, 
393785305L, -159185009L, -1126981482L, 1297503916L, -1207763538L, 
-1562077040L, -1467811419L, -1399651329L, 1455704787L, 820428801L, 
1111085620L, 1730642198L, 739763984L, -1634560190L, -2105434245L, 
-573149927L, -328624067L, 643390715L, -619897806L, 1069000616L, 
1645274882L, -1778918532L, 573847337L, 912463595L, 1233329159L, 
933194285L, 1214534672L, -404381422L, 443264772L, -834624738L, 
404737103L, 416202261L, 13543233L, -1178017161L, -1609878306L, 
-1149671596L, 116478646L, 2063603848L, -357520067L, -717858633L, 
1205882299L, -1285953479L, -539611892L, 744890766L, -980162104L, 
188538266L, 1462908771L, -256243247L, -541584379L, -1627906749L, 
439760890L, -804751888L, 184133002L, -1218587084L, 180179265L, 
1027262115L, 801169039L, -1756489371L, -973797624L, -808539350L, 
321331228L, -1046847082L, 1652318487L, 1198129645L, -808382359L, 
-1448885921L, -446749946L, 886089820L, 369794014L, 417068096L, 
1318786997L, -2093778065L, 1511869091L, 1392642417L, -988347292L, 
1991632166L, -1695238304L, 741471410L, -2097286261L, 999335625L, 
129515757L, -1315423125L, -1316301374L, -1389970472L, -1432920014L, 
-408796980L, -1246840519L, 145555835L, 769599511L, 772188285L, 
-678430048L, -1229741278L, -394038252L, -2074026802L, -740067617L, 
2126966725L, 1227021777L, 1878368903L, 540967502L, 318886340L, 
1663185062L, 2129610104L, 392641037L, -1332417305L, -374720565L, 
-596195415L, 912098108L, 1850135006L, -254049064L, 981569354L, 
-196350413L, 1893225921L, 190158645L, 450765363L, 909710922L, 
678858272L, 965245946L, -706531772L, 525433361L, -967394189L, 
-404836833L, -1687514123L, -1548577512L, 1866303930L, 75870572L, 
-279895162L, 1189524583L, -850534051L, -307576007L, -1610640465L, 
-19328970L, -503273332L, -519604338L, -2129563152L, -757180987L, 
-1514864737L, 1157222771L, 650856097L, 1934722388L, 688243958L, 
-782514512L, -1716981022L, -579468133L, -1426488967L, -1712076835L, 
-1854289637L, 492437010L, -369853048L, 911647522L, 439857244L, 
51554953L, 180555915L, -1923597785L, -1709300467L, -1063291536L, 
636062706L, -1183848156L, -1859849026L, -175726609L, 1977712245L, 
-435883359L, -2010068009L, -2140766786L, 1851557300L, -1687559018L, 
1955332328L, -489729635L, 14745943L, -918106277L, -511671207L, 
-1270247892L, 1799202734L, 556860008L, 1043722618L, 1181955459L, 
-449184463L, -1575143003L, 471152547L, -968298470L, -1257692144L, 
-1185693206L, 1089724052L, -992462175L, 1598216515L, -1307956753L, 
536318277L, -177839768L, -1360037622L, -1838685444L, 160884022L, 
1833646583L, -1628965619L, 225809609L, -37186433L, 2038463910L, 
-2085807300L, 772425278L, 910041632L, 25743957L, 1914642831L, 
2013776963L, -1483582319L, 928232452L, 1555422854L, -1220897408L, 
2126074450L, -1644952405L, 1956598953L, -904553715L, 1711411979L, 
662134535L, -2022118971L, 1241859986L, -1097787426L, -2107585802L, 
135004804L, -1901781795L, -149327351L, 298554433L, 1028726435L, 
411526552L, -183608880L, -1554586940L, 1679520198L, 1856306599L, 
222603495L, 1368438435L, 1212730129L, -1692125794L, -1745331182L, 
571641066L, -516142048L, -1804733223L, -190874267L, -1247334923L, 
183493959L, 1969947420L, 638347996L, 1022212512L, 733633738L, 
-1875138485L, -1958777205L, -1321746433L, -356427187L, 1568281834L, 
-1392457818L, 929479854L, 1302638236L, -781802875L, 1079558737L, 
1934181321L, 575008555L, 1773457840L, 1868299752L, -651046324L, 
1752735118L, -1943430273L, 1837376127L, 1590805163L, 171388073L, 
-107794714L, -1539890294L, -1513768302L, 1512553704L, 463546129L, 
-1523577827L, -1213494547L, 1621462943L, -1086692124L, -1876356604L, 
1478616568L, -210590366L, 404026899L, 1599491507L, -551451465L, 
-1301463243L, -1370570078L, 1317750382L, -729447642L, 394763540L, 
-664725107L, 1684214233L, 1813307697L, 55053331L, -1650453496L, 
-1107254080L, -1300225452L, 1764960214L, -265771593L, 1866260375L, 
1518041075L, -1491425599L, -1008808690L, -1959085918L, 1136276442L, 
1484570288L, 545738217L, 1416662773L, -1698588859L, 166051671L, 
603509260L, -890466100L, 2051564720L, -871361318L, 1713571195L, 
-1894340421L, 1801711887L, 486771037L, -1221156966L, -71726570L, 
-1178831426L, -80369972L, -1286875883L, -1632870975L, 167908761L, 
1097177275L, 498387648L, -81788296L, -255032068L, -844448706L, 
-1848898257L, -1282575153L, 1993875867L, 386797817L, 1032723830L, 
1351059834L, 478600418L, 872710360L, 275288705L, 1443001485L, 
-1170024611L, -2060179505L, -1586211468L, 1576058324L, 1472835624L, 
-259425518L, 1947275939L, -1285556861L, 1327105895L, 2033381797L, 
1801757682L, 1199377214L, 1997872214L, 767454948L, -65164291L, 
913870633L, -810966943L, -79778429L, -855235144L, -1898189712L, 
1188899300L, 523418150L, -2137214777L, 738531847L, -832923197L, 
-523035791L, -704444738L, -689102030L, -71120886L, -63881536L, 
-1739249927L, -143408379L, -908660587L, 463895143L, 989246524L, 
1288709820L, 1813843392L, -253455062L, -1506253909L, -1987815381L, 
-23500321L, -239947731L, -1241528630L, 1776379334L, -717694898L, 
493129852L, 1986409957L, 1258518257L, 861650089L, 749926406L, 
517874545L, -714230168L, 1683147861L, 1308629062L, 1551971855L, 
-1804284566L, 1179844193L, 244176950L, 411511625L, -247372420L, 
223038061L, 2089821386L, -1706948193L, -1462425354L, 1096586381L, 
1113626214L, 1122571521L, -1014591768L, 1614654973L, -868695906L, 
-1947061377L, 1962848266L, -634748607L, 1092300766L, -966885183L, 
-2140070596L, -431680003L, 425919954L, -966839929L, -1569255050L, 
1333475101L, 1585984422L, -167533839L, -77764872L, -269714123L, 
1956889862L, -1114908721L, 768744650L, -1152392111L, -1995233242L, 
1641042345L, 816577980L, -408435683L, -1281778742L, -581024209L, 
2097858406L, 1289690301L, -417720234L, 1068176657L, 1950853416L, 
1478945213L, 1524087838L, -1775623697L, -36618918L, 870663041L, 
1068811886L, -1864959103L, 1601303305L, -1833299360L, -2110721838L, 
205623237L, -1522359751L, 1906075298L, 312159500L, 637867269L, 
579515689L, 217461908L, -2054352694L, 546573105L, -381620239L, 
1400480834L, -390120288L, -1871173079L, 978333745L, 1592938488L, 
1924646994L, 1950240501L, 2028659121L, -567169270L, 327676276L, 
1866096333L, -1141271327L, 418573828L, -1449278566L, -1617780471L, 
1079707033L, 1517743786L, 703808512L, 1149215129L, -625691703L, 
-1889993616L, -2027450654L, 261717285L, 1009800137L, 61644946L, 
445427100L, -761749899L, 500225353L, 532540036L, -1688170630L, 
-1747794783L, -449450623L, 1762249506L, 1925868480L, -924013287L, 
765370593L, 2111870008L, 642864674L, 1555809237L, -1879641967L, 
1281025482L, -708588940L, 755749805L, -596131855L, 249085588L, 
485891882L, 276841001L, 1001516537L, -1860669350L, -1164421440L, 
-1955618711L, -63804215L, -1713628768L, 721533906L, -499775547L, 
-541640743L, 1510590434L, 87501772L, -1003612283L, 952133449L, 
1763673172L, 294719882L, 538146129L, -288102031L, 1996769762L, 
1923960640L, -2002550551L, 1212314321L, -1246453064L, 477816754L, 
316256053L, 633322449L, 1109627786L, -1345522764L, -1495599219L, 
